     -20.000000      -0.026833       0.083222
     -19.900000      -0.026313       0.082849
     -19.800000      -0.025765       0.082475
     -19.700000      -0.025185       0.082099
     -19.600000      -0.024569       0.081722
     -19.500000      -0.023914       0.081343
     -19.400000      -0.023216       0.080963
     -19.300000      -0.022472       0.080581
     -19.200000      -0.021678       0.080198
     -19.100000      -0.020831       0.079814
     -19.000000      -0.019926       0.079428
     -18.900000      -0.018960       0.079041
     -18.800000      -0.017931       0.078648
     -18.700000      -0.016835       0.078246
     -18.600000      -0.015670       0.077831
     -18.500000      -0.014432       0.077399
     -18.400000      -0.013121       0.076942
     -18.300000      -0.011742       0.076434
     -18.200000      -0.010304       0.075849
     -18.100000      -0.008816       0.075157
     -18.000000      -0.007285       0.074330
     -17.900000      -0.005712       0.073352
     -17.800000      -0.004069       0.072259
     -17.700000      -0.002319       0.071098
     -17.600000      -0.000425       0.069918
     -17.500000       0.001648       0.068767
     -17.400000       0.003925       0.067680
     -17.300000       0.006386       0.066645
     -17.200000       0.008997       0.065634
     -17.100000       0.011727       0.064624
     -17.000000       0.014542       0.063587
     -16.900000       0.017411       0.062498
     -16.800000       0.020300       0.061331
     -16.700000       0.023176       0.060061
     -16.600000       0.026009       0.058661
     -16.500000       0.028764       0.057106
     -16.400000       0.031410       0.055371
     -16.300000       0.033914       0.053429
     -16.200000       0.036243       0.051254
     -16.100000       0.038365       0.048822
     -16.000000       0.040247       0.046105
     -15.900000       0.041857       0.043079
     -15.800000       0.043162       0.039718
     -15.700000       0.044130       0.035995
     -15.600000       0.044728       0.031885
     -15.500000       0.044923       0.027363
     -15.400000       0.044684       0.022402
     -15.300000       0.043977       0.016977
     -15.200000       0.042770       0.011062
     -15.100000       0.041031       0.004631
     -15.000000       0.038726      -0.002342
     -14.900000       0.035854      -0.009817
     -14.800000       0.032537      -0.017496
     -14.700000       0.028925      -0.025016
     -14.600000       0.025171      -0.032013
     -14.500000       0.021425      -0.038124
     -14.400000       0.017786      -0.043102
     -14.300000       0.014131      -0.047166
     -14.200000       0.010284      -0.050650
     -14.100000       0.006069      -0.053890
     -14.000000       0.001311      -0.057221
     -13.900000      -0.004128      -0.060885
     -13.800000      -0.010225      -0.064758
     -13.700000      -0.016918      -0.068622
     -13.600000      -0.024145      -0.072262
     -13.500000      -0.031844      -0.075459
     -13.400000      -0.039960      -0.078032
     -13.300000      -0.048469      -0.079939
     -13.200000      -0.057353      -0.081170
     -13.100000      -0.066594      -0.081719
     -13.000000      -0.076174      -0.081577
     -12.900000      -0.086068      -0.080729
     -12.800000      -0.096219      -0.079130
     -12.700000      -0.106560      -0.076730
     -12.600000      -0.117025      -0.073476
     -12.500000      -0.127549      -0.069318
     -12.400000      -0.138065      -0.064207
     -12.300000      -0.148500      -0.058109
     -12.200000      -0.158783      -0.050993
     -12.100000      -0.168839      -0.042827
     -12.000000      -0.178595      -0.033581
     -11.900000      -0.187969      -0.023232
     -11.800000      -0.196840      -0.011795
     -11.700000      -0.205078       0.000710
     -11.600000      -0.212550       0.014261
     -11.500000      -0.219127       0.028834
     -11.400000      -0.224688       0.044395
     -11.300000      -0.229155       0.060854
     -11.200000      -0.232458       0.078108
     -11.100000      -0.234529       0.096055
     -11.000000      -0.235300       0.114592
     -10.900000      -0.234703       0.133615
     -10.800000      -0.232667       0.153023
     -10.700000      -0.229126       0.172712
     -10.600000      -0.224011       0.192579
     -10.500000      -0.217252       0.212522
     -10.400000      -0.208782       0.232437
     -10.300000      -0.198532       0.252223
     -10.200000      -0.186433       0.271775
     -10.100000      -0.172418       0.290992
     -10.000000      -0.156416       0.309770
      -9.900000      -0.138366       0.327989
      -9.800000      -0.118225       0.345453
      -9.700000      -0.095958       0.361952
      -9.600000      -0.071529       0.377272
      -9.500000      -0.044902       0.391202
      -9.400000      -0.016063       0.403524
      -9.300000       0.014910       0.414005
      -9.200000       0.047919       0.422408
      -9.100000       0.082862       0.428493
      -9.000000       0.119641       0.432023
      -8.900000       0.158143       0.432761
      -8.800000       0.198207       0.430470
      -8.700000       0.239658       0.424914
      -8.600000       0.282323       0.415859
      -8.500000       0.326027       0.403067
      -8.400000       0.370571       0.386314
      -8.300000       0.415652       0.365416
      -8.200000       0.460941       0.340201
      -8.100000       0.506109       0.310496
      -8.000000       0.550828       0.276128
      -7.900000       0.594754       0.236953
      -7.800000       0.637481       0.192946
      -7.700000       0.678589       0.144107
      -7.600000       0.717658       0.090442
      -7.500000       0.754267       0.031951
      -7.400000       0.787989      -0.031328
      -7.300000       0.818369      -0.099222
      -7.200000       0.844945      -0.171523
      -7.100000       0.867254      -0.248026
      -7.000000       0.884834      -0.328522
      -6.900000       0.897271      -0.412757
      -6.800000       0.904343      -0.500289
      -6.700000       0.905876      -0.590625
      -6.600000       0.901696      -0.683276
      -6.500000       0.891629      -0.777751
      -6.400000       0.875501      -0.873560
      -6.300000       0.853137      -0.970211
      -6.200000       0.824365      -1.067215
      -6.100000       0.789009      -1.164080
      -6.000000       0.746897      -1.260316
      -5.900000       0.697926      -1.355424
      -5.800000       0.642283      -1.448868
      -5.700000       0.580229      -1.540105
      -5.600000       0.512024      -1.628592
      -5.500000       0.437927      -1.713784
      -5.400000       0.358197      -1.795145
      -5.300000       0.273084      -1.872168
      -5.200000       0.182841      -1.944354
      -5.100000       0.087716      -2.011202
      -5.000000      -0.012040      -2.072213
      -4.900000      -0.116132      -2.126878
      -4.800000      -0.224089      -2.174651
      -4.700000      -0.335392      -2.214977
      -4.600000      -0.449525      -2.247301
      -4.500000      -0.565970      -2.271066
      -4.400000      -0.684143      -2.285740
      -4.300000      -0.803188      -2.290878
      -4.200000      -0.922180      -2.286057
      -4.100000      -1.040197      -2.270854
      -4.000000      -1.156313      -2.244846
      -3.900000      -1.269546      -2.207710
      -3.800000      -1.378672      -2.159524
      -3.700000      -1.482409      -2.100468
      -3.600000      -1.579473      -2.030721
      -3.500000      -1.668582      -1.950460
      -3.400000      -1.748506      -1.860018
      -3.300000      -1.818225      -1.760340
      -3.200000      -1.876774      -1.652524
      -3.100000      -1.923186      -1.537666
      -3.000000      -1.956495      -1.416866
      -2.900000      -1.975933      -1.291334
      -2.800000      -1.981523      -1.162732
      -2.700000      -1.973487      -1.032838
      -2.600000      -1.952045      -0.903427
      -2.500000      -1.917418      -0.776276
      -2.400000      -1.869970      -0.652971
      -2.300000      -1.810629      -0.534343
      -2.200000      -1.740467      -0.421032
      -2.100000      -1.660555      -0.313680
      -2.000000      -1.571963      -0.212927
      -1.900000      -1.475737      -0.119465
      -1.800000      -1.372816      -0.034184
      -1.700000      -1.264115       0.041974
      -1.600000      -1.150547       0.108069
      -1.500000      -1.033026       0.163160
      -1.400000      -0.912828       0.206595
      -1.300000      -0.792681       0.238879
      -1.200000      -0.675672       0.260806
      -1.100000      -0.564892       0.273171
      -1.000000      -0.463428       0.276767
      -0.900000      -0.373725       0.272405
      -0.800000      -0.295644       0.260962
      -0.700000      -0.228401       0.243331
      -0.600000      -0.171212       0.220405
      -0.500000      -0.123293       0.193076
      -0.400000      -0.083860       0.162240
      -0.300000      -0.052128       0.128788
      -0.200000      -0.027314       0.093613
      -0.100000      -0.008633       0.057609
       0.100000       0.013465      -0.013313
       0.200000       0.018450      -0.046446
       0.300000       0.020438      -0.076835
       0.400000       0.020213      -0.103587
       0.500000       0.018559      -0.125810
       0.600000       0.016260      -0.142610
       0.700000       0.014100      -0.153094
       0.800000       0.012864      -0.156369
       0.900000       0.013335      -0.151541
       1.000000       0.016297      -0.137718
       1.100000       0.022887      -0.114426
       1.200000       0.035645      -0.082872
       1.300000       0.057465      -0.044682
       1.400000       0.091239      -0.001481
       1.500000       0.139862       0.045103
       1.600000       0.205445       0.093094
       1.700000       0.286982       0.139111
       1.800000       0.382685       0.179423
       1.900000       0.490766       0.210297
       2.000000       0.609437       0.228003
       2.100000       0.736784       0.229658
       2.200000       0.870378       0.215776
       2.300000       1.007667       0.187720
       2.400000       1.146094       0.146854
       2.500000       1.283106       0.094541
       2.600000       1.416394       0.032105
       2.700000       1.544639      -0.039282
       2.800000       1.666766      -0.118486
       2.900000       1.781704      -0.204375
       3.000000       1.888379      -0.295816
       3.100000       1.985747      -0.391814
       3.200000       2.072885      -0.491934
       3.300000       2.148898      -0.595877
       3.400000       2.212891      -0.703347
       3.500000       2.263971      -0.814046
       3.600000       2.301284      -0.927572
       3.700000       2.324137      -1.043100
       3.800000       2.331881      -1.159700
       3.900000       2.323863      -1.276443
       4.000000       2.299432      -1.392398
       4.100000       2.258150      -1.506539
       4.200000       2.200432      -1.617450
       4.300000       2.126905      -1.723619
       4.400000       2.038195      -1.823532
       4.500000       1.934930      -1.915678
       4.600000       1.817922      -1.998651
       4.700000       1.688722      -2.071475
       4.800000       1.549065      -2.133283
       4.900000       1.400687      -2.183208
       5.000000       1.245322      -2.220381
       5.100000       1.084713      -2.244116
       5.200000       0.920625      -2.254449
       5.300000       0.754830      -2.251596
       5.400000       0.589102      -2.235776
       5.500000       0.425211      -2.207204
       5.600000       0.264825      -2.166229
       5.700000       0.109193      -2.113726
       5.800000      -0.040543      -2.050700
       5.900000      -0.183239      -1.978157
       6.000000      -0.317752      -1.897103
       6.100000      -0.443117      -1.808524
       6.200000      -0.559080      -1.713327
       6.300000      -0.665568      -1.612399
       6.400000      -0.762505      -1.506627
       6.500000      -0.849817      -1.396898
       6.600000      -0.927428      -1.284100
       6.700000      -0.995265      -1.169120
       6.800000      -1.053252      -1.052845
       6.900000      -1.101315      -0.936162
       7.000000      -1.139378      -0.819959
       7.100000      -1.167468      -0.705056
       7.200000      -1.186010      -0.592014
       7.300000      -1.195532      -0.481325
       7.400000      -1.196561      -0.373483
       7.500000      -1.189622      -0.268982
       7.600000      -1.175232      -0.168292
       7.700000      -1.153862      -0.071792
       7.800000      -1.125972       0.020161
       7.900000      -1.092021       0.107211
       8.000000      -1.052470       0.189002
       8.100000      -1.007796       0.265214
       8.200000      -0.958547       0.335672
       8.300000      -0.905288       0.400239
       8.400000      -0.848584       0.458775
       8.500000      -0.789001       0.511144
       8.600000      -0.727098       0.557243
       8.700000      -0.663417       0.597113
       8.800000      -0.598494       0.630832
       8.900000      -0.532865       0.658478
       9.000000      -0.467066       0.680129
       9.100000      -0.401610       0.695893
       9.200000      -0.336911       0.706001
       9.300000      -0.273363       0.710716
       9.400000      -0.211357       0.710300
       9.500000      -0.151285       0.705015
       9.600000      -0.093521       0.695145
       9.700000      -0.038372       0.681062
       9.800000       0.013873       0.663159
       9.900000       0.062925       0.641827
      10.000000       0.108495       0.617461
      10.100000       0.150356       0.590438
      10.200000       0.188526       0.561072
      10.300000       0.223087       0.529666
      10.400000       0.254119       0.496517
      10.500000       0.281704       0.461927
      10.600000       0.305921       0.426196
      10.700000       0.326853       0.389624
      10.800000       0.344580       0.352511
      10.900000       0.359182       0.315156
      11.000000       0.370740       0.277861
      11.100000       0.379336       0.240925
      11.200000       0.385051       0.204648
      11.300000       0.387964       0.169330
      11.400000       0.388157       0.135272
      11.500000       0.385711       0.102774
      11.600000       0.380738       0.072070
      11.700000       0.373480       0.043136
      11.800000       0.364207       0.015880
      11.900000       0.353193      -0.009786
      12.000000       0.340709      -0.033955
      12.100000       0.327005      -0.056687
      12.200000       0.312242      -0.077926
      12.300000       0.296555      -0.097591
      12.400000       0.280082      -0.115596
      12.500000       0.262961      -0.131858
      12.600000       0.245328      -0.146319
      12.700000       0.227318      -0.159025
      12.800000       0.209070      -0.170047
      12.900000       0.190717      -0.179456
      13.000000       0.172396      -0.187323
      13.100000       0.154233      -0.193719
      13.200000       0.136315      -0.198708
      13.300000       0.118718      -0.202353
      13.400000       0.101518      -0.204718
      13.500000       0.084791      -0.205865
      13.600000       0.068611      -0.205865
      13.700000       0.053033      -0.204820
      13.800000       0.038113      -0.202836
      13.900000       0.023903      -0.200022
      14.000000       0.010456      -0.196486
      14.100000      -0.002192      -0.192276
      14.200000      -0.014076      -0.187203
      14.300000      -0.025250      -0.181015
      14.400000      -0.035768      -0.173464
      14.500000      -0.045682      -0.164299
      14.600000      -0.055026      -0.153412
      14.700000      -0.063751      -0.141257
      14.800000      -0.071786      -0.128431
      14.900000      -0.079061      -0.115531
      15.000000      -0.085507      -0.103153
      15.100000      -0.091072      -0.091785
      15.200000      -0.095783      -0.081485
      15.300000      -0.099683      -0.072204
      15.400000      -0.102819      -0.063890
      15.500000      -0.105234      -0.056495
      15.600000      -0.106974      -0.049969
      15.700000      -0.108084      -0.044261
      15.800000      -0.108608      -0.039321
      15.900000      -0.108591      -0.035100
      16.000000      -0.108078      -0.031547
      16.100000      -0.107115      -0.028613
      16.200000      -0.105745      -0.026247
      16.300000      -0.104015      -0.024401
      16.400000      -0.101967      -0.023023
      16.500000      -0.099649      -0.022064
      16.600000      -0.097103      -0.021474
      16.700000      -0.094376      -0.021202
      16.800000      -0.091512      -0.021200
      16.900000      -0.088556      -0.021417
      17.000000      -0.085553      -0.021802
      17.100000      -0.082548      -0.022307
      17.200000      -0.079585      -0.022881
      17.300000      -0.076709      -0.023475
      17.400000      -0.073966      -0.024037
      17.500000      -0.071400      -0.024519
      17.600000      -0.069043      -0.024892
      17.700000      -0.066875      -0.025215
      17.800000      -0.064863      -0.025567
      17.900000      -0.062975      -0.026030
      18.000000      -0.061176      -0.026684
      18.100000      -0.059444      -0.027589
      18.200000      -0.057792      -0.028723
      18.300000      -0.056243      -0.030048
      18.400000      -0.054821      -0.031522
      18.500000      -0.053549      -0.033104
      18.600000      -0.052445      -0.034760
      18.700000      -0.051508      -0.036481
      18.800000      -0.050733      -0.038263
      18.900000      -0.050115      -0.040103
      19.000000      -0.049648      -0.041997
      19.100000      -0.049326      -0.043940
      19.200000      -0.049145      -0.045922
      19.300000      -0.049099      -0.047929
      19.400000      -0.049182      -0.049949
      19.500000      -0.049390      -0.051968
      19.600000      -0.049717      -0.053974
      19.700000      -0.050157      -0.055955
      19.800000      -0.050706      -0.057897
      19.900000      -0.051358      -0.059788
      20.000000      -0.052108      -0.061615
