     -20.000000      -0.018683       0.027624
     -19.900000      -0.018638       0.027528
     -19.800000      -0.018591       0.027456
     -19.700000      -0.018540       0.027409
     -19.600000      -0.018481       0.027387
     -19.500000      -0.018412       0.027389
     -19.400000      -0.018331       0.027415
     -19.300000      -0.018237       0.027466
     -19.200000      -0.018125       0.027540
     -19.100000      -0.017994       0.027639
     -19.000000      -0.017842       0.027761
     -18.900000      -0.017666       0.027907
     -18.800000      -0.017463       0.028074
     -18.700000      -0.017231       0.028263
     -18.600000      -0.016966       0.028471
     -18.500000      -0.016666       0.028698
     -18.400000      -0.016328       0.028941
     -18.300000      -0.015949       0.029199
     -18.200000      -0.015527       0.029467
     -18.100000      -0.015059       0.029744
     -18.000000      -0.014542       0.030027
     -17.900000      -0.013974       0.030312
     -17.800000      -0.013353       0.030596
     -17.700000      -0.012677       0.030874
     -17.600000      -0.011943       0.031142
     -17.500000      -0.011151       0.031396
     -17.400000      -0.010298       0.031631
     -17.300000      -0.009384       0.031842
     -17.200000      -0.008408       0.032023
     -17.100000      -0.007370       0.032167
     -17.000000      -0.006269       0.032270
     -16.900000      -0.005106       0.032325
     -16.800000      -0.003882       0.032325
     -16.700000      -0.002599       0.032265
     -16.600000      -0.001260       0.032136
     -16.500000       0.000135       0.031932
     -16.400000       0.001582       0.031647
     -16.300000       0.003077       0.031273
     -16.200000       0.004615       0.030803
     -16.100000       0.006191       0.030231
     -16.000000       0.007799       0.029549
     -15.900000       0.009434       0.028750
     -15.800000       0.011087       0.027829
     -15.700000       0.012750       0.026779
     -15.600000       0.014414       0.025595
     -15.500000       0.016070       0.024270
     -15.400000       0.017709       0.022800
     -15.300000       0.019318       0.021180
     -15.200000       0.020886       0.019408
     -15.100000       0.022399       0.017481
     -15.000000       0.023845       0.015395
     -14.900000       0.025211       0.013149
     -14.800000       0.026482       0.010743
     -14.700000       0.027642       0.008180
     -14.600000       0.028676       0.005461
     -14.500000       0.029568       0.002587
     -14.400000       0.030302      -0.000438
     -14.300000       0.030861      -0.003607
     -14.200000       0.031228      -0.006910
     -14.100000       0.031385      -0.010340
     -14.000000       0.031317      -0.013887
     -13.900000       0.031005      -0.017541
     -13.800000       0.030434      -0.021287
     -13.700000       0.029588      -0.025107
     -13.600000       0.028450      -0.028984
     -13.500000       0.027005      -0.032900
     -13.400000       0.025238      -0.036837
     -13.300000       0.023136      -0.040770
     -13.200000       0.020689      -0.044671
     -13.100000       0.017887      -0.048515
     -13.000000       0.014718      -0.052274
     -12.900000       0.011173      -0.055920
     -12.800000       0.007250      -0.059419
     -12.700000       0.002947      -0.062736
     -12.600000      -0.001736      -0.065836
     -12.500000      -0.006801      -0.068683
     -12.400000      -0.012246      -0.071241
     -12.300000      -0.018059      -0.073470
     -12.200000      -0.024227      -0.075330
     -12.100000      -0.030735      -0.076778
     -12.000000      -0.037570      -0.077775
     -11.900000      -0.044714      -0.078279
     -11.800000      -0.052136      -0.078250
     -11.700000      -0.059804      -0.077647
     -11.600000      -0.067684      -0.076429
     -11.500000      -0.075743      -0.074556
     -11.400000      -0.083943      -0.071988
     -11.300000      -0.092233      -0.068693
     -11.200000      -0.100558      -0.064637
     -11.100000      -0.108862      -0.059790
     -11.000000      -0.117091      -0.054118
     -10.900000      -0.125186      -0.047594
     -10.800000      -0.133075      -0.040200
     -10.700000      -0.140682      -0.031925
     -10.600000      -0.147933      -0.022756
     -10.500000      -0.154750      -0.012679
     -10.400000      -0.161057      -0.001687
     -10.300000      -0.166765       0.010209
     -10.200000      -0.171786       0.022990
     -10.100000      -0.176028       0.036641
     -10.000000      -0.179403       0.051144
      -9.900000      -0.181819       0.066475
      -9.800000      -0.183185       0.082585
      -9.700000      -0.183407       0.099416
      -9.600000      -0.182392       0.116913
      -9.500000      -0.180047       0.135018
      -9.400000      -0.176282       0.153668
      -9.300000      -0.171015       0.172769
      -9.200000      -0.164166       0.192218
      -9.100000      -0.155657       0.211916
      -9.000000      -0.145407       0.231759
      -8.900000      -0.133343       0.251639
      -8.800000      -0.119415       0.271419
      -8.700000      -0.103578       0.290951
      -8.600000      -0.085786       0.310092
      -8.500000      -0.065995       0.328695
      -8.400000      -0.044170       0.346609
      -8.300000      -0.020313       0.363662
      -8.200000       0.005562       0.379675
      -8.100000       0.033444       0.394469
      -8.000000       0.063318       0.407866
      -7.900000       0.095160       0.419686
      -7.800000       0.128892       0.429741
      -7.700000       0.164424       0.437845
      -7.600000       0.201665       0.443808
      -7.500000       0.240525       0.447443
      -7.400000       0.280899       0.448565
      -7.300000       0.322621       0.447009
      -7.200000       0.365514       0.442612
      -7.100000       0.409398       0.435212
      -7.000000       0.454093       0.424647
      -6.900000       0.499407       0.410767
      -6.800000       0.545089       0.393469
      -6.700000       0.590877       0.372661
      -6.600000       0.636506       0.348253
      -6.500000       0.681714       0.320154
      -6.400000       0.726226       0.288292
      -6.300000       0.769729       0.252675
      -6.200000       0.811899       0.213331
      -6.100000       0.852413       0.170288
      -6.000000       0.890946       0.123575
      -5.900000       0.927173       0.073246
      -5.800000       0.960761       0.019466
      -5.700000       0.991373      -0.037575
      -5.600000       1.018674      -0.097683
      -5.500000       1.042328      -0.160669
      -5.400000       1.062011      -0.226308
      -5.300000       1.077443      -0.294248
      -5.200000       1.088359      -0.364105
      -5.100000       1.094489      -0.435494
      -5.000000       1.095568      -0.508032
      -4.900000       1.091359      -0.581304
      -4.800000       1.081751      -0.654779
      -4.700000       1.066664      -0.727895
      -4.600000       1.046018      -0.800091
      -4.500000       1.019734      -0.870805
      -4.400000       0.987783      -0.939464
      -4.300000       0.950342      -1.005447
      -4.200000       0.907641      -1.068120
      -4.100000       0.859906      -1.126849
      -4.000000       0.807368      -1.181001
      -3.900000       0.750310      -1.229965
      -3.800000       0.689238      -1.273219
      -3.700000       0.624713      -1.310266
      -3.600000       0.557297      -1.340605
      -3.500000       0.487552      -1.363739
      -3.400000       0.416064      -1.379224
      -3.300000       0.343524      -1.386840
      -3.200000       0.270649      -1.386422
      -3.100000       0.198154      -1.377806
      -3.000000       0.126757      -1.360827
      -2.900000       0.057172      -1.335402
      -2.800000      -0.009889      -1.301773
      -2.700000      -0.073719      -1.260264
      -2.600000      -0.133606      -1.211198
      -2.500000      -0.188841      -1.154898
      -2.400000      -0.238773      -1.091779
      -2.300000      -0.282981      -1.022613
      -2.200000      -0.321101      -0.948264
      -2.100000      -0.352770      -0.869596
      -2.000000      -0.377625      -0.787473
      -1.900000      -0.395298      -0.702911
      -1.800000      -0.405400      -0.617539
      -1.700000      -0.407541      -0.533141
      -1.600000      -0.401327      -0.451499
      -1.500000      -0.386366      -0.374396
      -1.400000      -0.362746      -0.303350
      -1.300000      -0.332480      -0.238817
      -1.200000      -0.298058      -0.180990
      -1.100000      -0.261973      -0.130060
      -1.000000      -0.226718      -0.086221
      -0.900000      -0.194340      -0.049542
      -0.800000      -0.165108      -0.019607
      -0.700000      -0.138847       0.004121
      -0.600000      -0.115384       0.022180
      -0.500000      -0.094542       0.035108
      -0.400000      -0.076146       0.043442
      -0.300000      -0.060023       0.047719
      -0.200000      -0.045996       0.048478
      -0.100000      -0.033892       0.046255
       0.100000      -0.014749       0.035017
       0.200000      -0.007361       0.027077
       0.300000      -0.001195       0.018306
       0.400000       0.003924       0.009242
       0.500000       0.008170       0.000422
       0.600000       0.011719      -0.007616
       0.700000       0.014745      -0.014335
       0.800000       0.017424      -0.019196
       0.900000       0.019931      -0.021662
       1.000000       0.022439      -0.021196
       1.100000       0.025142      -0.017455
       1.200000       0.028300      -0.010879
       1.300000       0.032191      -0.002101
       1.400000       0.037094       0.008243
       1.500000       0.043285       0.019521
       1.600000       0.050864       0.031182
       1.700000       0.059210       0.043016
       1.800000       0.067525       0.054899
       1.900000       0.075008       0.066704
       2.000000       0.080861       0.078308
       2.100000       0.084483       0.089662
       2.200000       0.086069       0.101033
       2.300000       0.086016       0.112762
       2.400000       0.084717       0.125194
       2.500000       0.082569       0.138672
       2.600000       0.079948       0.153434
       2.700000       0.077157       0.169301
       2.800000       0.074482       0.185990
       2.900000       0.072208       0.203217
       3.000000       0.070622       0.220699
       3.100000       0.069954       0.238150
       3.200000       0.070218       0.255280
       3.300000       0.071373       0.271797
       3.400000       0.073381       0.287410
       3.500000       0.076200       0.301825
       3.600000       0.079774       0.314800
       3.700000       0.083983       0.326283
       3.800000       0.088690       0.336270
       3.900000       0.093758       0.344759
       4.000000       0.099052       0.351745
       4.100000       0.104453       0.357243
       4.200000       0.109922       0.361338
       4.300000       0.115438       0.364130
       4.400000       0.120981       0.365721
       4.500000       0.126529       0.366214
       4.600000       0.132069       0.365699
       4.700000       0.137612       0.364228
       4.800000       0.143176       0.361841
       4.900000       0.148780       0.358580
       5.000000       0.154442       0.354486
       5.100000       0.160172       0.349593
       5.200000       0.165948       0.343912
       5.300000       0.171739       0.337447
       5.400000       0.177516       0.330204
       5.500000       0.183248       0.322186
       5.600000       0.188899       0.313403
       5.700000       0.194405       0.303884
       5.800000       0.199697       0.293664
       5.900000       0.204707       0.282775
       6.000000       0.209364       0.271252
       6.100000       0.213603       0.259136
       6.200000       0.217369       0.246496
       6.300000       0.220611       0.233409
       6.400000       0.223280       0.219949
       6.500000       0.225323       0.206194
       6.600000       0.226698       0.192220
       6.700000       0.227395       0.178110
       6.800000       0.227412       0.163947
       6.900000       0.226748       0.149814
       7.000000       0.225399       0.135795
       7.100000       0.223371       0.121969
       7.200000       0.220692       0.108396
       7.300000       0.217399       0.095134
       7.400000       0.213527       0.082240
       7.500000       0.209112       0.069771
       7.600000       0.204191       0.057777
       7.700000       0.198808       0.046288
       7.800000       0.193011       0.035325
       7.900000       0.186847       0.024911
       8.000000       0.180362       0.015068
       8.100000       0.173602       0.005815
       8.200000       0.166608      -0.002845
       8.300000       0.159421      -0.010916
       8.400000       0.152082      -0.018397
       8.500000       0.144631      -0.025291
       8.600000       0.137107      -0.031602
       8.700000       0.129541      -0.037341
       8.800000       0.121964      -0.042523
       8.900000       0.114406      -0.047160
       9.000000       0.106896      -0.051268
       9.100000       0.099463      -0.054860
       9.200000       0.092130      -0.057956
       9.300000       0.084918      -0.060574
       9.400000       0.077847      -0.062733
       9.500000       0.070939      -0.064452
       9.600000       0.064214      -0.065752
       9.700000       0.057686      -0.066653
       9.800000       0.051369      -0.067178
       9.900000       0.045278      -0.067349
      10.000000       0.039424      -0.067187
      10.100000       0.033821      -0.066715
      10.200000       0.028477      -0.065956
      10.300000       0.023397      -0.064933
      10.400000       0.018587      -0.063670
      10.500000       0.014055      -0.062188
      10.600000       0.009805      -0.060511
      10.700000       0.005836      -0.058662
      10.800000       0.002149      -0.056662
      10.900000      -0.001259      -0.054533
      11.000000      -0.004389      -0.052296
      11.100000      -0.007242      -0.049974
      11.200000      -0.009826      -0.047584
      11.300000      -0.012146      -0.045144
      11.400000      -0.014212      -0.042674
      11.500000      -0.016029      -0.040189
      11.600000      -0.017606      -0.037708
      11.700000      -0.018954      -0.035243
      11.800000      -0.020083      -0.032808
      11.900000      -0.021004      -0.030414
      12.000000      -0.021730      -0.028074
      12.100000      -0.022271      -0.025799
      12.200000      -0.022638      -0.023597
      12.300000      -0.022845      -0.021475
      12.400000      -0.022903      -0.019438
      12.500000      -0.022825      -0.017494
      12.600000      -0.022622      -0.015648
      12.700000      -0.022306      -0.013903
      12.800000      -0.021888      -0.012261
      12.900000      -0.021379      -0.010723
      13.000000      -0.020790      -0.009291
      13.100000      -0.020132      -0.007966
      13.200000      -0.019415      -0.006748
      13.300000      -0.018646      -0.005634
      13.400000      -0.017836      -0.004623
      13.500000      -0.016993      -0.003714
      13.600000      -0.016125      -0.002904
      13.700000      -0.015240      -0.002191
      13.800000      -0.014344      -0.001571
      13.900000      -0.013442      -0.001039
      14.000000      -0.012542      -0.000594
      14.100000      -0.011649      -0.000231
      14.200000      -0.010768       0.000054
      14.300000      -0.009902       0.000266
      14.400000      -0.009055       0.000408
      14.500000      -0.008232       0.000484
      14.600000      -0.007436       0.000499
      14.700000      -0.006668       0.000458
      14.800000      -0.005932       0.000364
      14.900000      -0.005229       0.000221
      15.000000      -0.004561       0.000035
      15.100000      -0.003929      -0.000191
      15.200000      -0.003335      -0.000454
      15.300000      -0.002778      -0.000749
      15.400000      -0.002260      -0.001072
      15.500000      -0.001779      -0.001421
      15.600000      -0.001337      -0.001791
      15.700000      -0.000933      -0.002179
      15.800000      -0.000566      -0.002583
      15.900000      -0.000235      -0.002999
      16.000000       0.000059      -0.003425
      16.100000       0.000318      -0.003857
      16.200000       0.000543      -0.004294
      16.300000       0.000735      -0.004733
      16.400000       0.000895      -0.005173
      16.500000       0.001025      -0.005611
      16.600000       0.001126      -0.006045
      16.700000       0.001200      -0.006475
      16.800000       0.001247      -0.006898
      16.900000       0.001270      -0.007313
      17.000000       0.001270      -0.007720
      17.100000       0.001249      -0.008117
      17.200000       0.001207      -0.008503
      17.300000       0.001147      -0.008878
      17.400000       0.001070      -0.009242
      17.500000       0.000977      -0.009593
      17.600000       0.000870      -0.009931
      17.700000       0.000750      -0.010257
      17.800000       0.000618      -0.010570
      17.900000       0.000476      -0.010869
      18.000000       0.000325      -0.011156
      18.100000       0.000166      -0.011430
      18.200000      -0.000001      -0.011691
      18.300000      -0.000173      -0.011940
      18.400000      -0.000351      -0.012176
      18.500000      -0.000533      -0.012401
      18.600000      -0.000718      -0.012614
      18.700000      -0.000906      -0.012817
      18.800000      -0.001095      -0.013008
      18.900000      -0.001286      -0.013190
      19.000000      -0.001478      -0.013362
      19.100000      -0.001670      -0.013525
      19.200000      -0.001861      -0.013679
      19.300000      -0.002052      -0.013825
      19.400000      -0.002243      -0.013964
      19.500000      -0.002432      -0.014095
      19.600000      -0.002620      -0.014220
      19.700000      -0.002806      -0.014338
      19.800000      -0.002990      -0.014452
      19.900000      -0.003172      -0.014560
      20.000000      -0.003352      -0.014663
