     -20.000000      -0.055932       0.059285
     -19.900000      -0.054939       0.057550
     -19.800000      -0.054082       0.055735
     -19.700000      -0.053362       0.053854
     -19.600000      -0.052781       0.051920
     -19.500000      -0.052338       0.049947
     -19.400000      -0.052035       0.047949
     -19.300000      -0.051873       0.045939
     -19.200000      -0.051853       0.043931
     -19.100000      -0.051976       0.041939
     -19.000000      -0.052243       0.039976
     -18.900000      -0.052655       0.038055
     -18.800000      -0.053212       0.036187
     -18.700000      -0.053918       0.034381
     -18.600000      -0.054773       0.032648
     -18.500000      -0.055778       0.030997
     -18.400000      -0.056936       0.029438
     -18.300000      -0.058251       0.027983
     -18.200000      -0.059727       0.026640
     -18.100000      -0.061369       0.025421
     -18.000000      -0.063182       0.024337
     -17.900000      -0.065159       0.023399
     -17.800000      -0.067249       0.022624
     -17.700000      -0.069388       0.022029
     -17.600000      -0.071515       0.021633
     -17.500000      -0.073567       0.021454
     -17.400000      -0.075491       0.021508
     -17.300000      -0.077273       0.021805
     -17.200000      -0.078913       0.022357
     -17.100000      -0.080406       0.023171
     -17.000000      -0.081751       0.024259
     -16.900000      -0.082944       0.025628
     -16.800000      -0.083983       0.027290
     -16.700000      -0.084865       0.029254
     -16.600000      -0.085587       0.031529
     -16.500000      -0.086148       0.034124
     -16.400000      -0.086544       0.037051
     -16.300000      -0.086772       0.040317
     -16.200000      -0.086830       0.043933
     -16.100000      -0.086715       0.047908
     -16.000000      -0.086425       0.052252
     -15.900000      -0.085956       0.056975
     -15.800000      -0.085307       0.062086
     -15.700000      -0.084474       0.067594
     -15.600000      -0.083455       0.073510
     -15.500000      -0.082247       0.079843
     -15.400000      -0.080847       0.086602
     -15.300000      -0.079253       0.093797
     -15.200000      -0.077462       0.101439
     -15.100000      -0.075472       0.109535
     -15.000000      -0.073279       0.118097
     -14.900000      -0.070826       0.127096
     -14.800000      -0.067834       0.136354
     -14.700000      -0.063968       0.145656
     -14.600000      -0.058896       0.154787
     -14.500000      -0.052281       0.163531
     -14.400000      -0.043892       0.171700
     -14.300000      -0.033903       0.179212
     -14.200000      -0.022589       0.186012
     -14.100000      -0.010225       0.192045
     -14.000000       0.002913       0.197254
     -13.900000       0.016602       0.201589
     -13.800000       0.030826       0.205009
     -13.700000       0.045623       0.207478
     -13.600000       0.061029       0.208960
     -13.500000       0.077082       0.209419
     -13.400000       0.093796       0.208810
     -13.300000       0.111095       0.207058
     -13.200000       0.128884       0.204079
     -13.100000       0.147066       0.199790
     -13.000000       0.165542       0.194108
     -12.900000       0.184212       0.186949
     -12.800000       0.202953       0.178233
     -12.700000       0.221639       0.167881
     -12.600000       0.240143       0.155812
     -12.500000       0.258339       0.141946
     -12.400000       0.276097       0.126235
     -12.300000       0.293277       0.108756
     -12.200000       0.309733       0.089618
     -12.100000       0.325324       0.068927
     -12.000000       0.339904       0.046793
     -11.900000       0.353309       0.023281
     -11.800000       0.365293      -0.001715
     -11.700000       0.375588      -0.028342
     -11.600000       0.383925      -0.056750
     -11.500000       0.390038      -0.087085
     -11.400000       0.393688      -0.119420
     -11.300000       0.394754      -0.153519
     -11.200000       0.393145      -0.189069
     -11.100000       0.388767      -0.225759
     -11.000000       0.381531      -0.263276
     -10.900000       0.371342      -0.301308
     -10.800000       0.358111      -0.339542
     -10.700000       0.341745      -0.377666
     -10.600000       0.322152      -0.415367
     -10.500000       0.299240      -0.452335
     -10.400000       0.272918      -0.488255
     -10.300000       0.243093      -0.522816
     -10.200000       0.209674      -0.555706
     -10.100000       0.172570      -0.586611
     -10.000000       0.131687      -0.615221
      -9.900000       0.086995      -0.641214
      -9.800000       0.038705      -0.664235
      -9.700000      -0.012913      -0.683922
      -9.600000      -0.067588      -0.699912
      -9.500000      -0.125048      -0.711842
      -9.400000      -0.185004      -0.719359
      -9.300000      -0.247093      -0.722151
      -9.200000      -0.310933      -0.719914
      -9.100000      -0.376143      -0.712346
      -9.000000      -0.442340      -0.699145
      -8.900000      -0.509119      -0.680043
      -8.800000      -0.575970      -0.654912
      -8.700000      -0.642363      -0.623662
      -8.600000      -0.707763      -0.586198
      -8.500000      -0.771638      -0.542431
      -8.400000      -0.833449      -0.492301
      -8.300000      -0.892631      -0.435887
      -8.200000      -0.948617      -0.373301
      -8.100000      -1.000834      -0.304655
      -8.000000      -1.048715      -0.230061
      -7.900000      -1.091704      -0.149669
      -7.800000      -1.129310      -0.063777
      -7.700000      -1.161055       0.027280
      -7.600000      -1.186463       0.123165
      -7.500000      -1.205058       0.223543
      -7.400000      -1.216350       0.328056
      -7.300000      -1.219805       0.436256
      -7.200000      -1.214873       0.547674
      -7.100000      -1.201008       0.661839
      -7.000000      -1.177663       0.778281
      -6.900000      -1.144386       0.896460
      -6.800000      -1.101115       1.015552
      -6.700000      -1.047884       1.134663
      -6.600000      -0.984728       1.252897
      -6.500000      -0.911680       1.369361
      -6.400000      -0.828775       1.483159
      -6.300000      -0.736048       1.593397
      -6.200000      -0.633532       1.699181
      -6.100000      -0.521262       1.799616
      -6.000000      -0.399273       1.893808
      -5.900000      -0.267777       1.980836
      -5.800000      -0.127702       2.059678
      -5.700000       0.019846       2.129285
      -5.600000       0.173759       2.188609
      -5.500000       0.332931       2.236603
      -5.400000       0.496147       2.272343
      -5.300000       0.661755       2.295410
      -5.200000       0.827995       2.305509
      -5.100000       0.993107       2.302345
      -5.000000       1.155331       2.285624
      -4.900000       1.312905       2.255233
      -4.800000       1.464061       2.211783
      -4.700000       1.607030       2.156067
      -4.600000       1.740043       2.088879
      -4.500000       1.861330       2.011010
      -4.400000       1.969301       1.923368
      -4.300000       2.063083       1.827314
      -4.200000       2.141983       1.724324
      -4.100000       2.205307       1.615874
      -4.000000       2.252360       1.503438
      -3.900000       2.282664       1.388405
      -3.800000       2.296599       1.271809
      -3.700000       2.294758       1.154597
      -3.600000       2.277735       1.037715
      -3.500000       2.246125       0.922111
      -3.400000       2.200565       0.808632
      -3.300000       2.141868       0.697728
      -3.200000       2.070889       0.589751
      -3.100000       1.988485       0.485053
      -3.000000       1.895512       0.383984
      -2.900000       1.792855       0.287037
      -2.800000       1.681512       0.195270
      -2.700000       1.562513       0.109880
      -2.600000       1.436885       0.032066
      -2.500000       1.305657      -0.036974
      -2.400000       1.170104      -0.095995
      -2.300000       1.032495      -0.143566
      -2.200000       0.895345      -0.178212
      -2.100000       0.761169      -0.198456
      -2.000000       0.632484      -0.202821
      -1.900000       0.511712      -0.190687
      -1.800000       0.400909      -0.164855
      -1.700000       0.302035      -0.128983
      -1.600000       0.217052      -0.086728
      -1.500000       0.147923      -0.041747
      -1.400000       0.095820       0.002618
      -1.300000       0.058759       0.044287
      -1.200000       0.033966       0.081496
      -1.100000       0.018667       0.112479
      -1.000000       0.010090       0.135474
      -0.900000       0.005782       0.149154
      -0.800000       0.004573       0.153950
      -0.700000       0.005618       0.150731
      -0.600000       0.008067       0.140368
      -0.500000       0.011074       0.123729
      -0.400000       0.013792       0.101685
      -0.300000       0.015371       0.075105
      -0.200000       0.014966       0.044859
      -0.100000       0.011729       0.011816
       0.100000      -0.006634      -0.059181
       0.200000      -0.023455      -0.095396
       0.300000      -0.046498      -0.130929
       0.400000      -0.076611      -0.164910
       0.500000      -0.114641      -0.196471
       0.600000      -0.161437      -0.224740
       0.700000      -0.217846      -0.248849
       0.800000      -0.284715      -0.267928
       0.900000      -0.362891      -0.281107
       1.000000      -0.453223      -0.287517
       1.100000      -0.555896      -0.286287
       1.200000      -0.668450      -0.276540
       1.300000      -0.787764      -0.257400
       1.400000      -0.910714      -0.227988
       1.500000      -1.034181      -0.187429
       1.600000      -1.155401      -0.135142
       1.700000      -1.273053      -0.071738
       1.800000      -1.386174       0.001874
       1.900000      -1.493802       0.084785
       2.000000      -1.594975       0.176087
       2.100000      -1.688704       0.274921
       2.200000      -1.773901       0.380631
       2.300000      -1.849450       0.492609
       2.400000      -1.914236       0.610250
       2.500000      -1.967146       0.732947
       2.600000      -2.007204       0.859898
       2.700000      -2.033997       0.989524
       2.800000      -2.047253       1.120046
       2.900000      -2.046700       1.249691
       3.000000      -2.032064       1.376681
       3.100000      -2.003272       1.499347
       3.200000      -1.961045       1.616443
       3.300000      -1.906305       1.726828
       3.400000      -1.839970       1.829361
       3.500000      -1.762961       1.922903
       3.600000      -1.676262       2.006466
       3.700000      -1.581108       2.079678
       3.800000      -1.478798       2.142321
       3.900000      -1.370630       2.194175
       4.000000      -1.257902       2.235021
       4.100000      -1.141855       2.264744
       4.200000      -1.023493       2.283639
       4.300000      -0.903765       2.292104
       4.400000      -0.783616       2.290537
       4.500000      -0.663993       2.279336
       4.600000      -0.545775       2.258923
       4.700000      -0.429568       2.229819
       4.800000      -0.315910       2.192565
       4.900000      -0.205338       2.147706
       5.000000      -0.098390       2.095785
       5.100000       0.004438       2.037338
       5.200000       0.102814       1.972868
       5.300000       0.196448       1.902870
       5.400000       0.285053       1.827840
       5.500000       0.368336       1.748273
       5.600000       0.446016       1.664672
       5.700000       0.517833       1.577569
       5.800000       0.583537       1.487507
       5.900000       0.642875       1.395024
       6.000000       0.695596       1.300663
       6.100000       0.741514       1.204956
       6.200000       0.780711       1.108410
       6.300000       0.813334       1.011523
       6.400000       0.839529       0.914794
       6.500000       0.859445       0.818721
       6.600000       0.873229       0.723804
       6.700000       0.881028       0.630541
       6.800000       0.882990       0.539430
       6.900000       0.879262       0.450972
       7.000000       0.869992       0.365663
       7.100000       0.855380       0.283958
       7.200000       0.835842       0.206125
       7.300000       0.811848       0.132389
       7.400000       0.783867       0.062972
       7.500000       0.752369      -0.001900
       7.600000       0.717814      -0.062040
       7.700000       0.680631      -0.117398
       7.800000       0.641240      -0.167959
       7.900000       0.600062      -0.213711
       8.000000       0.557515      -0.254638
       8.100000       0.514007      -0.290756
       8.200000       0.469887      -0.322199
       8.300000       0.425493      -0.349131
       8.400000       0.381161      -0.371715
       8.500000       0.337226      -0.390117
       8.600000       0.294000      -0.404510
       8.700000       0.251691      -0.415114
       8.800000       0.210481      -0.422160
       8.900000       0.170551      -0.425876
       9.000000       0.132085      -0.426495
       9.100000       0.095250      -0.424248
       9.200000       0.060161      -0.419377
       9.300000       0.026919      -0.412126
       9.400000      -0.004375      -0.402739
       9.500000      -0.033620      -0.391460
       9.600000      -0.060735      -0.378526
       9.700000      -0.085714      -0.364142
       9.800000      -0.108572      -0.348509
       9.900000      -0.129324      -0.331826
      10.000000      -0.147983      -0.314291
      10.100000      -0.164573      -0.296089
      10.200000      -0.179155      -0.277347
      10.300000      -0.191799      -0.258174
      10.400000      -0.202575      -0.238682
      10.500000      -0.211553      -0.218981
      10.600000      -0.218802      -0.199183
      10.700000      -0.224394      -0.179398
      10.800000      -0.228397      -0.159737
      10.900000      -0.230883      -0.140312
      11.000000      -0.231920      -0.121233
      11.100000      -0.231580      -0.102611
      11.200000      -0.229931      -0.084557
      11.300000      -0.227044      -0.067182
      11.400000      -0.222990      -0.050597
      11.500000      -0.217837      -0.034913
      11.600000      -0.211665      -0.020224
      11.700000      -0.204586      -0.006557
      11.800000      -0.196721       0.006078
      11.900000      -0.188192       0.017668
      12.000000      -0.179120       0.028204
      12.100000      -0.169619       0.037680
      12.200000      -0.159774       0.046112
      12.300000      -0.149667       0.053520
      12.400000      -0.139376       0.059923
      12.500000      -0.128981       0.065344
      12.600000      -0.118558       0.069806
      12.700000      -0.108173       0.073355
      12.800000      -0.097886       0.076039
      12.900000      -0.087761       0.077907
      13.000000      -0.077860       0.079008
      13.100000      -0.068239       0.079387
      13.200000      -0.058935       0.079066
      13.300000      -0.049981       0.078063
      13.400000      -0.041408       0.076397
      13.500000      -0.033248       0.074086
      13.600000      -0.025531       0.071173
      13.700000      -0.018275       0.067806
      13.800000      -0.011499       0.064158
      13.900000      -0.005218       0.060401
      14.000000       0.000550       0.056708
      14.100000       0.005792       0.053191
      14.200000       0.010508       0.049714
      14.300000       0.014704       0.046078
      14.400000       0.018384       0.042085
      14.500000       0.021552       0.037537
      14.600000       0.024220       0.032305
      14.700000       0.026431       0.026535
      14.800000       0.028235       0.020439
      14.900000       0.029682       0.014233
      15.000000       0.030822       0.008130
      15.100000       0.031699       0.002307
      15.200000       0.032330      -0.003209
      15.300000       0.032727      -0.008429
      15.400000       0.032902      -0.013364
      15.500000       0.032865      -0.018023
      15.600000       0.032628      -0.022418
      15.700000       0.032203      -0.026559
      15.800000       0.031600      -0.030456
      15.900000       0.030832      -0.034120
      16.000000       0.029909      -0.037562
      16.100000       0.028843      -0.040793
      16.200000       0.027646      -0.043822
      16.300000       0.026328      -0.046660
      16.400000       0.024901      -0.049319
      16.500000       0.023376      -0.051807
      16.600000       0.021766      -0.054137
      16.700000       0.020080      -0.056319
      16.800000       0.018331      -0.058362
      16.900000       0.016530      -0.060278
      17.000000       0.014688      -0.062077
      17.100000       0.012817      -0.063770
      17.200000       0.010928      -0.065368
      17.300000       0.009032      -0.066880
      17.400000       0.007141      -0.068317
      17.500000       0.005266      -0.069691
      17.600000       0.003419      -0.071007
      17.700000       0.001611      -0.072257
      17.800000      -0.000147      -0.073428
      17.900000      -0.001842      -0.074507
      18.000000      -0.003463      -0.075481
      18.100000      -0.005001      -0.076342
      18.200000      -0.006459      -0.077101
      18.300000      -0.007841      -0.077773
      18.400000      -0.009152      -0.078372
      18.500000      -0.010398      -0.078915
      18.600000      -0.011582      -0.079415
      18.700000      -0.012704      -0.079883
      18.800000      -0.013764      -0.080327
      18.900000      -0.014759      -0.080758
      19.000000      -0.015690      -0.081185
      19.100000      -0.016556      -0.081615
      19.200000      -0.017361      -0.082048
      19.300000      -0.018111      -0.082484
      19.400000      -0.018813      -0.082921
      19.500000      -0.019472      -0.083357
      19.600000      -0.020093      -0.083792
      19.700000      -0.020683      -0.084223
      19.800000      -0.021248      -0.084651
      19.900000      -0.021792      -0.085072
      20.000000      -0.022322      -0.085487
