     -20.000000      -0.884651      -0.028781
     -19.900000      -0.878074      -0.028791
     -19.800000      -0.871492      -0.028804
     -19.700000      -0.864905      -0.028821
     -19.600000      -0.858314      -0.028843
     -19.500000      -0.851720      -0.028870
     -19.400000      -0.845123      -0.028902
     -19.300000      -0.838524      -0.028939
     -19.200000      -0.831923      -0.028983
     -19.100000      -0.825322      -0.029032
     -19.000000      -0.818720      -0.029088
     -18.900000      -0.812119      -0.029151
     -18.800000      -0.805518      -0.029221
     -18.700000      -0.798920      -0.029299
     -18.600000      -0.792325      -0.029384
     -18.500000      -0.785733      -0.029478
     -18.400000      -0.779146      -0.029580
     -18.300000      -0.772564      -0.029691
     -18.200000      -0.765990      -0.029811
     -18.100000      -0.759423      -0.029940
     -18.000000      -0.752866      -0.030077
     -17.900000      -0.746319      -0.030223
     -17.800000      -0.739785      -0.030379
     -17.700000      -0.733263      -0.030543
     -17.600000      -0.726756      -0.030715
     -17.500000      -0.720265      -0.030896
     -17.400000      -0.713791      -0.031085
     -17.300000      -0.707335      -0.031281
     -17.200000      -0.700900      -0.031484
     -17.100000      -0.694486      -0.031693
     -17.000000      -0.688095      -0.031908
     -16.900000      -0.681728      -0.032127
     -16.800000      -0.675388      -0.032350
     -16.700000      -0.669074      -0.032575
     -16.600000      -0.662789      -0.032801
     -16.500000      -0.656534      -0.033027
     -16.400000      -0.650310      -0.033251
     -16.300000      -0.644119      -0.033473
     -16.200000      -0.637960      -0.033689
     -16.100000      -0.631836      -0.033898
     -16.000000      -0.625747      -0.034098
     -15.900000      -0.619694      -0.034287
     -15.800000      -0.613677      -0.034464
     -15.700000      -0.607697      -0.034625
     -15.600000      -0.601753      -0.034768
     -15.500000      -0.595847      -0.034891
     -15.400000      -0.589978      -0.034992
     -15.300000      -0.584145      -0.035068
     -15.200000      -0.578349      -0.035116
     -15.100000      -0.572587      -0.035135
     -15.000000      -0.566860      -0.035120
     -14.900000      -0.561166      -0.035070
     -14.800000      -0.555504      -0.034982
     -14.700000      -0.549872      -0.034854
     -14.600000      -0.544267      -0.034684
     -14.500000      -0.538687      -0.034469
     -14.400000      -0.533131      -0.034207
     -14.300000      -0.527595      -0.033896
     -14.200000      -0.522076      -0.033535
     -14.100000      -0.516571      -0.033123
     -14.000000      -0.511076      -0.032657
     -13.900000      -0.505589      -0.032137
     -13.800000      -0.500104      -0.031561
     -13.700000      -0.494619      -0.030931
     -13.600000      -0.489128      -0.030246
     -13.500000      -0.483628      -0.029506
     -13.400000      -0.478114      -0.028711
     -13.300000      -0.472582      -0.027863
     -13.200000      -0.467027      -0.026965
     -13.100000      -0.461445      -0.026018
     -13.000000      -0.455832      -0.025025
     -12.900000      -0.450184      -0.023988
     -12.800000      -0.444497      -0.022912
     -12.700000      -0.438768      -0.021802
     -12.600000      -0.432994      -0.020662
     -12.500000      -0.427172      -0.019497
     -12.400000      -0.421299      -0.018312
     -12.300000      -0.415376      -0.017114
     -12.200000      -0.409401      -0.015910
     -12.100000      -0.403377      -0.014706
     -12.000000      -0.397302      -0.013509
     -11.900000      -0.391179      -0.012327
     -11.800000      -0.385012      -0.011166
     -11.700000      -0.378809      -0.010032
     -11.600000      -0.372575      -0.008934
     -11.500000      -0.366317      -0.007876
     -11.400000      -0.360043      -0.006866
     -11.300000      -0.353765      -0.005905
     -11.200000      -0.347498      -0.004996
     -11.100000      -0.341257      -0.004140
     -11.000000      -0.335055      -0.003340
     -10.900000      -0.328908      -0.002594
     -10.800000      -0.322837      -0.001895
     -10.700000      -0.316863      -0.001232
     -10.600000      -0.311007      -0.000593
     -10.500000      -0.305291       0.000030
     -10.400000      -0.299736       0.000653
     -10.300000      -0.294365       0.001303
     -10.200000      -0.289201       0.002012
     -10.100000      -0.284266       0.002812
     -10.000000      -0.279583       0.003734
      -9.900000      -0.275174       0.004814
      -9.800000      -0.271052       0.006107
      -9.700000      -0.267230       0.007672
      -9.600000      -0.263720       0.009567
      -9.500000      -0.260535       0.011852
      -9.400000      -0.257682       0.014591
      -9.300000      -0.255151       0.017865
      -9.200000      -0.252928       0.021763
      -9.100000      -0.250997       0.026371
      -9.000000      -0.249343       0.031777
      -8.900000      -0.247945       0.038071
      -8.800000      -0.246749       0.045356
      -8.700000      -0.245696       0.053742
      -8.600000      -0.244725       0.063333
      -8.500000      -0.243777       0.074239
      -8.400000      -0.242781       0.086567
      -8.300000      -0.241626       0.100426
      -8.200000      -0.240190       0.115927
      -8.100000      -0.238353       0.133180
      -8.000000      -0.235993       0.152296
      -7.900000      -0.232977       0.173380
      -7.800000      -0.229123       0.196523
      -7.700000      -0.224238       0.221810
      -7.600000      -0.218129       0.249326
      -7.500000      -0.210603       0.279157
      -7.400000      -0.201454       0.311377
      -7.300000      -0.190429       0.346015
      -7.200000      -0.177261       0.383089
      -7.100000      -0.161685       0.422617
      -7.000000      -0.143435       0.464616
      -6.900000      -0.122237       0.509082
      -6.800000      -0.097788       0.555922
      -6.700000      -0.069776       0.605021
      -6.600000      -0.037889       0.656265
      -6.500000      -0.001817       0.709538
      -6.400000       0.038745       0.764692
      -6.300000       0.084071       0.821439
      -6.200000       0.134430       0.879460
      -6.100000       0.190088       0.938431
      -6.000000       0.251313       0.998033
      -5.900000       0.318336       1.057905
      -5.800000       0.391241       1.117533
      -5.700000       0.470074       1.176364
      -5.600000       0.554883       1.233844
      -5.500000       0.645714       1.289420
      -5.400000       0.742540       1.342518
      -5.300000       0.845039       1.392483
      -5.200000       0.952816       1.438637
      -5.100000       1.065473       1.480303
      -5.000000       1.182616       1.516806
      -4.900000       1.303753       1.547494
      -4.800000       1.428017       1.571818
      -4.700000       1.554444       1.589257
      -4.600000       1.682072       1.599286
      -4.500000       1.809937       1.601384
      -4.400000       1.937003       1.595107
      -4.300000       2.061941       1.580333
      -4.200000       2.183347       1.557017
      -4.100000       2.299818       1.525118
      -4.000000       2.409951       1.484591
      -3.900000       2.512339       1.435498
      -3.800000       2.605554       1.378317
      -3.700000       2.688168       1.313630
      -3.600000       2.758748       1.242021
      -3.500000       2.815864       1.164072
      -3.400000       2.858149       1.080440
      -3.300000       2.884490       0.992082
      -3.200000       2.893837       0.900031
      -3.100000       2.885141       0.805318
      -3.000000       2.857353       0.708974
      -2.900000       2.809625       0.612126
      -2.800000       2.741917       0.516274
      -2.700000       2.654395       0.423014
      -2.600000       2.547221       0.333940
      -2.500000       2.420558       0.250646
      -2.400000       2.274820       0.174602
      -2.300000       2.111415       0.106774
      -2.200000       1.932001       0.048002
      -2.100000       1.738238      -0.000873
      -2.000000       1.531783      -0.039012
      -1.900000       1.315101      -0.065503
      -1.800000       1.093880      -0.079153
      -1.700000       0.874617      -0.078697
      -1.600000       0.663806      -0.062872
      -1.500000       0.467942      -0.030414
      -1.400000       0.291897       0.017809
      -1.300000       0.134043       0.072398
      -1.200000      -0.008871       0.121819
      -1.100000      -0.140096       0.154542
      -1.000000      -0.262885       0.159033
      -0.900000      -0.380100       0.126847
      -0.800000      -0.493050       0.061885
      -0.700000      -0.602658      -0.028866
      -0.600000      -0.709844      -0.138418
      -0.500000      -0.815529      -0.259784
      -0.400000      -0.920636      -0.385975
      -0.300000      -1.026086      -0.510006
      -0.200000      -1.132799      -0.624888
      -0.100000      -1.241697      -0.723633
       0.100000      -1.469735      -0.844765
       0.200000      -1.590717      -0.853177
       0.300000      -1.717569      -0.817502
       0.400000      -1.851213      -0.730753
       0.500000      -1.992570      -0.585944
       0.600000      -2.142561      -0.376085
       0.700000      -2.302109      -0.094190
       0.800000      -2.472133       0.266728
       0.900000      -2.653556       0.713658
       1.000000      -2.847299       1.253587
       1.100000      -3.048223       1.891018
       1.200000      -3.226949       2.620517
       1.300000      -3.348038       3.434166
       1.400000      -3.376051       4.324047
       1.500000      -3.275549       5.282243
       1.600000      -3.019432       6.298015
       1.700000      -2.613958       7.349348
       1.800000      -2.073722       8.411405
       1.900000      -1.413321       9.459349
       2.000000      -0.647351      10.468346
       2.100000       0.211151      11.416733
       2.200000       1.155380      12.295548
       2.300000       2.180091      13.099002
       2.400000       3.280038      13.821306
       2.500000       4.449977      14.456672
       2.600000       5.683836      14.998090
       2.700000       6.972243      15.433664
       2.800000       8.305000      15.750275
       2.900000       9.671910      15.934805
       3.000000      11.062776      15.974137
       3.100000      12.466083      15.857297
       3.200000      13.865053      15.581895
       3.300000      15.241592      15.147685
       3.400000      16.577605      14.554422
       3.500000      17.854997      13.801861
       3.600000      19.056428      12.892320
       3.700000      20.167576      11.838375
       3.800000      21.174873      10.655166
       3.900000      22.064750       9.357834
       4.000000      22.823640       7.961518
       4.100000      23.440105       6.481902
       4.200000      23.911230       4.936843
       4.300000      24.236230       3.344741
       4.400000      24.414318       1.723999
       4.500000      24.444710       0.093015
       4.600000      24.327983      -1.530801
       4.700000      24.070161      -3.134014
       4.800000      23.678632      -4.704177
       4.900000      23.160782      -6.228848
       5.000000      22.523999      -7.695581
       5.100000      21.776001      -9.093013
       5.200000      20.925830     -10.414098
       5.300000      19.982860     -11.652873
       5.400000      18.956466     -12.803374
       5.500000      17.856020     -13.859636
       5.600000      16.690843     -14.816409
       5.700000      15.470038     -15.671300
       5.800000      14.202653     -16.422630
       5.900000      12.897738     -17.068720
       6.000000      11.564342     -17.607892
       6.100000      10.211403     -18.039008
       6.200000       8.847422     -18.363095
       6.300000       7.480786     -18.581722
       6.400000       6.119886     -18.696457
       6.500000       4.773110     -18.708868
       6.600000       3.448595     -18.621040
       6.700000       2.153464     -18.437120
       6.800000       0.894588     -18.161770
       6.900000      -0.321163     -17.799652
       7.000000      -1.486918     -17.355429
       7.100000      -2.596292     -16.834131
       7.200000      -3.644847     -16.242260
       7.300000      -4.628630     -15.586683
       7.400000      -5.543687     -14.874270
       7.500000      -6.386065     -14.111890
       7.600000      -7.152409     -13.306472
       7.700000      -7.841754     -12.465189
       7.800000      -8.453729     -11.595277
       7.900000      -8.987966     -10.703971
       8.000000      -9.444097      -9.798504
       8.100000      -9.822245      -8.885873
       8.200000     -10.124506      -7.972122
       8.300000     -10.353468      -7.063053
       8.400000     -10.511718      -6.164471
       8.500000     -10.601846      -5.282180
       8.600000     -10.626699      -4.421596
       8.700000     -10.590164      -3.586578
       8.800000     -10.496389      -2.780598
       8.900000     -10.349523      -2.007126
       9.000000     -10.153713      -1.269635
       9.100000      -9.913142      -0.571216
       9.200000      -9.632134       0.086555
       9.300000      -9.315050       0.702480
       9.400000      -8.966249       1.275363
       9.500000      -8.590093       1.804007
       9.600000      -8.190835       2.287496
       9.700000      -7.772304       2.726044
       9.800000      -7.338226       3.120144
       9.900000      -6.892324       3.470292
      10.000000      -6.438323       3.776982
      10.100000      -5.979782       4.040880
      10.200000      -5.519606       4.263337
      10.300000      -5.060533       4.445875
      10.400000      -4.605303       4.590016
      10.500000      -4.156656       4.697283
      10.600000      -3.717159       4.769280
      10.700000      -3.288690       4.807937
      10.800000      -2.872956       4.815268
      10.900000      -2.471664       4.793286
      11.000000      -2.086520       4.744004
      11.100000      -1.719073       4.669450
      11.200000      -1.370240       4.571719
      11.300000      -1.040783       4.452918
      11.400000      -0.731462       4.315158
      11.500000      -0.443036       4.160547
      11.600000      -0.176135       3.991162
      11.700000       0.069142       3.808947
      11.800000       0.292825       3.615814
      11.900000       0.494947       3.413676
      12.000000       0.675538       3.204443
      12.100000       0.834728       2.989960
      12.200000       0.973034       2.771801
      12.300000       1.091069       2.551472
      12.400000       1.189449       2.330478
      12.500000       1.268788       2.110326
      12.600000       1.329756       1.892436
      12.700000       1.373248       1.677884
      12.800000       1.400217       1.467662
      12.900000       1.411614       1.262758
      13.000000       1.408390       1.064164
      13.100000       1.391514       0.872784
      13.200000       1.362016       0.689175
      13.300000       1.320944       0.513810
      13.400000       1.269346       0.347161
      13.500000       1.208267       0.189699
      13.600000       1.138740       0.041824
      13.700000       1.061729      -0.096353
      13.800000       0.978185      -0.224793
      13.900000       0.889058      -0.343456
      14.000000       0.795297      -0.452303
      14.100000       0.697816      -0.551344
      14.200000       0.597386      -0.640788
      14.300000       0.494742      -0.720893
      14.400000       0.390621      -0.791915
      14.500000       0.285757      -0.854113
      14.600000       0.180844      -0.907770
      14.700000       0.076404      -0.953274
      14.800000      -0.027080      -0.991038
      14.900000      -0.129127      -1.021474
      15.000000      -0.229257      -1.044996
      15.100000      -0.327027      -1.062023
      15.200000      -0.422154      -1.073001
      15.300000      -0.514393      -1.078380
      15.400000      -0.603500      -1.078612
      15.500000      -0.689229      -1.074148
      15.600000      -0.771368      -1.065433
      15.700000      -0.849827      -1.052884
      15.800000      -0.924550      -1.036913
      15.900000      -0.995478      -1.017928
      16.000000      -1.062555      -0.996342
      16.100000      -1.125744      -0.972551
      16.200000      -1.185093      -0.946895
      16.300000      -1.240675      -0.919702
      16.400000      -1.292559      -0.891299
      16.500000      -1.340816      -0.862013
      16.600000      -1.385529      -0.832154
      16.700000      -1.426828      -0.801969
      16.800000      -1.464858      -0.771685
      16.900000      -1.499762      -0.741533
      17.000000      -1.531683      -0.711740
      17.100000      -1.560770      -0.682521
      17.200000      -1.587189      -0.654025
      17.300000      -1.611113      -0.626389
      17.400000      -1.632713      -0.599746
      17.500000      -1.652162      -0.574232
      17.600000      -1.669631      -0.549969
      17.700000      -1.685288      -0.527024
      17.800000      -1.699301      -0.505455
      17.900000      -1.711839      -0.485316
      18.000000      -1.723070      -0.466663
      18.100000      -1.733157      -0.449542
      18.200000      -1.742247      -0.433958
      18.300000      -1.750482      -0.419907
      18.400000      -1.758006      -0.407386
      18.500000      -1.764961      -0.396391
      18.600000      -1.771484      -0.386911
      18.700000      -1.777690      -0.378909
      18.800000      -1.783689      -0.372344
      18.900000      -1.789589      -0.367174
      19.000000      -1.795501      -0.363355
      19.100000      -1.801526      -0.360842
      19.200000      -1.807734      -0.359576
      19.300000      -1.814187      -0.359493
      19.400000      -1.820948      -0.360530
      19.500000      -1.828080      -0.362625
      19.600000      -1.835644      -0.365714
      19.700000      -1.843704      -0.369735
      19.800000      -1.852320      -0.374625
      19.900000      -1.861557      -0.380320
      20.000000      -1.871476      -0.386757
